100 67
67 67 30 67 67 67 67 67 67 67 18 67 67 67 67 67 67 67 67 5 35 67 67 67 67 67 67 50 67 67 67 67 67 67 67 67 67 67 67 67 67 67 67 67 67 67 67 61 67 52 67 67 67 67 67 67 67 67 67 67 13 67 67 67 67 67 67 67 67 67 47 67 67 67 67 67 15 67 24 67 67 67 59 67 67 17 67 67 11 4 16 0 39 67 67 67 67 67 67 
67 67 67 67 11 67 67 67 67 67 67 67 67 8 67 67 65 67 67 13 51 67 60 67 43 67 67 67 67 67 67 67 32 64 67 67 67 67 67 67 67 67 67 67 67 67 67 67 67 67 67 67 67 67 67 67 52 67 67 67 67 23 67 67 67 67 67 67 67 67 67 67 67 67 67 8 67 67 67 67 67 67 67 67 48 67 67 67 67 67 67 10 49 1 61 67 35 45 
28 37 67 43 67 67 67 15 67 56 67 67 67 67 67 67 67 65 67 67 67 67 67 67 67 63 67 26 67 67 30 67 67 67 67 67 67 32 67 67 67 67 67 67 67 48 67 67 8 67 67 67 67 67 67 67 67 67 67 67 67 67 67 67 67 67 67 0 67 67 67 67 67 67 67 67 67 67 67 59 67 67 67 38 7 67 67 67 67 67 67 67 55 67 67 45 67 
67 67 67 67 67 67 67 1 67 67 5 67 67 67 67 67 29 67 67 57 67 67 67 67 67 67 67 67 67 67 67 67 67 67 67 67 40 67 67 67 67 67 67 67 67 67 67 67 67 22 67 67 67 67 67 67 67 67 67 67 67 8 67 65 67 24 67 67 67 67 67 67 67 0 67 67 67 67 67 32 43 67 67 67 67 67 13 67 49 67 67 67 45 67 11 67 
67 27 44 42 64 23 67 18 67 67 67 67 67 67 67 1 67 67 67 67 30 67 67 67 67 67 67 67 67 67 67 67 67 67 67 67 67 67 67 67 67 67 67 67 67 14 67 67 67 67 67 67 67 67 35 67 23 67 67 67 7 67 36 67 67 67 53 67 67 67 67 67 67 67 67 67 67 67 67 67 67 67 34 13 67 67 24 48 67 67 67 67 67 67 67 
15 67 67 14 54 39 43 15 67 17 67 67 35 67 40 34 16 31 67 67 67 67 67 67 67 67 67 67 67 67 67 67 67 67 67 67 67 67 67 67 67 67 67 7 67 67 67 67 67 67 67 67 67 36 67 60 67 67 67 67 67 67 67 67 67 67 37 67 67 67 67 67 67 67 67 67 67 67 67 67 67 67 67 32 67 67 67 67 67 67 67 47 67 19 
13 14 67 67 67 67 67 67 67 67 20 67 50 67 67 57 48 67 40 67 67 67 67 67 67 67 44 67 67 10 67 67 67 67 66 67 67 67 67 67 67 67 67 67 67 67 67 67 67 67 67 67 67 67 44 67 67 67 67 67 67 67 67 67 67 67 67 67 67 16 67 67 67 67 25 67 67 67 67 67 67 2 67 67 32 67 67 67 67 67 67 67 67 
13 30 44 30 67 67 67 67 67 67 60 67 67 67 67 67 40 67 0 60 67 13 67 67 67 46 2 60 60 67 32 62 0 67 67 62 67 67 67 67 8 67 67 34 18 67 67 30 67 60 67 67 67 67 67 67 30 67 8 9 67 67 6 67 67 67 13 67 23 28 67 67 67 23 67 67 67 30 67 67 67 8 67 67 67 67 67 67 23 0 67 67 
10 67 67 67 9 67 67 67 67 67 34 67 67 67 24 23 67 67 54 67 25 67 20 67 15 23 67 67 67 67 67 16 65 67 67 67 67 67 67 67 67 67 67 67 67 67 67 67 67 67 67 67 67 67 67 67 67 67 67 67 67 67 67 67 67 67 67 67 67 67 67 67 67 63 67 5 67 67 67 67 30 67 67 67 49 67 67 67 67 67 67 
59 67 67 67 67 46 62 67 67 67 67 67 67 67 13 61 67 67 67 47 67 67 67 67 67 67 67 67 67 67 67 67 67 4 67 67 67 67 67 67 67 67 67 67 67 67 23 67 67 67 67 67 67 67 67 67 67 43 67 67 67 67 67 67 67 0 67 67 67 19 67 6 67 67 67 67 67 67 26 67 67 67 67 67 67 67 36 67 67 67 
67 67 67 34 67 67 13 40 42 67 67 67 67 67 0 67 67 67 67 67 67 67 67 67 67 67 67 67 67 67 67 67 67 67 67 67 67 67 67 67 67 67 67 47 35 67 67 61 50 67 67 67 67 67 67 67 67 67 67 67 67 67 67 67 67 67 67 67 67 21 67 67 67 67 53 67 67 67 67 67 67 67 67 67 52 17 67 67 67 
28 67 67 25 67 67 67 67 67 46 67 67 32 67 67 67 64 67 55 41 60 67 67 67 67 67 67 67 67 61 67 67 67 67 29 67 67 53 67 67 67 67 67 67 67 67 67 67 67 67 67 17 67 67 67 67 67 67 67 67 67 24 67 67 67 67 67 67 67 67 67 67 67 67 67 67 67 67 52 67 67 67 67 67 67 67 67 67 
30 3 23 5 45 67 67 64 39 67 19 67 67 67 67 67 67 67 67 67 67 67 67 4 67 67 32 67 67 67 67 67 13 67 67 67 67 67 67 67 67 67 67 67 67 67 67 67 67 67 67 67 67 67 67 67 67 67 67 67 67 67 67 67 32 67 67 67 67 67 67 67 67 42 67 67 67 41 67 67 67 67 31 67 30 67 67 
67 67 67 67 13 67 67 67 9 67 37 44 13 60 67 62 67 15 67 34 67 32 67 67 67 67 30 67 31 67 67 67 67 67 67 33 67 43 48 67 67 67 67 67 67 67 67 51 67 67 67 67 67 67 32 13 54 67 67 67 67 24 67 67 67 67 67 67 67 67 8 67 67 67 67 67 67 67 67 32 67 67 9 67 33 15 
67 43 32 67 36 67 18 67 67 67 67 7 16 67 67 67 67 67 67 67 20 67 67 67 67 67 67 67 67 26 67 67 67 67 67 67 67 67 67 67 67 67 67 67 67 67 67 67 67 67 67 67 67 67 67 44 67 67 67 67 32 67 67 33 67 11 67 67 67 67 67 67 31 67 21 67 67 67 58 67 67 67 67 67 10 
67 67 41 67 67 67 67 67 67 67 67 44 67 67 67 67 67 32 67 67 31 67 53 67 67 67 5 67 67 67 67 67 67 67 67 67 67 67 67 67 67 10 67 67 67 67 34 67 67 67 67 67 67 67 67 67 67 67 67 67 67 67 67 67 67 67 67 67 27 67 52 67 45 67 67 67 67 67 59 67 39 67 67 67 
51 67 67 14 2 7 25 67 67 67 67 67 67 67 67 67 67 67 67 67 67 35 67 67 67 67 8 67 67 67 67 67 67 67 67 67 67 21 67 67 67 67 67 67 67 67 26 67 67 67 67 67 67 67 67 67 67 67 15 67 67 59 67 67 67 67 67 67 67 67 67 67 67 67 41 67 36 67 67 67 67 24 42 
67 67 4 22 49 67 67 10 66 67 67 67 67 36 67 67 15 67 67 67 18 67 67 67 1 67 67 67 67 54 67 67 67 67 32 67 67 67 67 67 67 67 67 67 67 67 67 67 67 67 67 67 13 67 67 67 67 67 67 30 67 67 67 67 67 67 67 67 67 67 67 67 67 67 67 14 35 67 67 67 67 67 
49 27 17 67 67 8 67 55 67 67 67 67 38 67 32 67 67 67 67 67 67 67 7 67 67 67 67 67 67 67 67 67 67 67 67 67 11 67 67 67 67 67 67 67 67 37 67 67 67 67 67 67 67 67 67 67 67 67 67 67 67 67 67 67 67 67 67 67 67 67 67 56 67 16 67 67 67 67 67 67 67 
20 61 67 67 62 67 67 1 67 31 67 67 67 67 67 26 67 67 67 67 67 40 67 21 67 67 67 23 67 67 67 67 67 63 67 67 67 67 67 67 67 67 67 67 67 67 29 67 67 67 67 67 67 67 67 67 67 0 67 67 67 67 67 67 67 67 67 67 67 67 67 67 67 67 57 67 67 67 67 67 
67 67 10 67 67 67 67 67 33 67 67 0 0 67 53 67 67 67 67 67 67 67 67 67 67 67 67 67 67 67 67 30 67 67 67 67 67 67 67 67 67 67 67 67 67 67 67 67 67 67 67 67 67 67 67 67 8 67 67 67 67 67 67 67 67 67 67 67 67 67 67 42 67 67 67 67 46 67 67 
67 3 30 66 67 67 67 67 63 67 38 67 67 67 67 67 67 67 67 44 67 67 67 67 67 67 67 67 67 67 67 67 67 67 67 67 11 67 67 67 67 67 67 67 67 67 67 67 67 67 67 67 67 67 67 67 67 67 67 67 67 67 67 67 67 67 67 67 67 67 67 67 67 67 67 53 67 67 
67 67 67 36 67 47 6 67 67 67 13 67 67 67 42 34 3 67 67 27 67 67 67 67 67 67 67 67 67 44 67 67 67 67 67 67 67 67 67 67 67 67 67 67 67 67 67 67 67 67 45 67 67 67 67 67 67 67 67 67 67 67 67 67 67 67 67 67 67 67 67 67 67 67 14 25 67 
67 60 67 67 67 21 67 67 67 23 33 2 67 7 67 67 67 67 67 67 67 67 67 12 67 67 67 67 67 67 67 67 67 67 67 67 67 67 67 67 67 67 67 67 67 67 67 67 67 67 67 67 67 67 67 67 67 67 67 67 67 67 67 67 67 45 67 67 67 67 66 67 67 67 67 63 
67 67 67 67 67 67 67 33 29 35 60 67 8 67 8 67 60 23 67 67 67 67 67 32 67 0 67 67 32 15 23 67 67 67 67 67 5 67 67 67 67 67 67 67 67 67 67 67 67 67 64 67 67 67 67 67 67 44 67 67 67 67 32 67 9 67 67 67 62 67 67 67 67 62 67 
28 67 4 67 65 67 67 67 8 67 11 67 26 57 67 67 67 67 67 67 67 67 67 67 67 67 67 67 67 67 51 67 67 67 67 67 67 67 1 67 67 67 67 67 67 67 67 67 67 67 67 67 67 67 67 67 67 67 67 67 67 15 67 67 67 67 67 67 67 67 67 67 67 67 
67 61 29 67 67 3 44 67 67 38 67 67 67 64 67 67 67 67 67 12 67 67 67 67 67 67 67 67 67 67 67 67 27 67 67 2 67 67 67 67 67 67 67 67 67 67 67 67 67 67 67 67 67 67 67 67 67 67 67 67 67 67 67 67 67 34 67 67 67 67 67 67 67 
38 67 67 67 67 67 60 67 67 67 61 67 67 67 47 67 67 67 67 67 67 6 22 30 67 10 67 67 67 3 67 67 67 62 67 67 67 67 63 67 67 67 67 67 67 67 67 67 67 67 67 67 67 67 67 67 59 67 67 46 67 18 67 67 67 67 67 67 67 67 67 67 
67 27 0 55 67 30 24 67 67 67 52 67 67 67 67 3 67 67 67 22 67 67 9 67 67 67 67 67 67 67 67 67 13 67 67 67 67 67 67 67 67 67 67 67 67 67 67 67 67 67 67 67 67 67 67 67 67 67 67 67 67 67 67 67 67 67 67 67 56 67 67 
67 49 37 67 67 17 67 19 67 67 67 0 67 67 67 67 58 67 67 67 67 67 67 67 67 67 67 67 67 67 67 67 67 67 67 67 67 67 67 67 67 67 67 67 67 67 67 67 67 67 67 67 67 67 67 67 67 67 67 67 67 67 66 67 67 67 59 63 67 67 
2 28 13 67 67 67 67 67 22 67 67 14 67 50 67 67 67 67 31 32 67 67 67 67 67 18 16 67 67 67 67 67 67 67 67 67 67 67 67 67 67 67 41 67 67 67 33 67 67 67 67 67 67 67 67 67 67 67 7 67 67 67 67 67 67 67 67 67 67 
32 67 23 15 67 21 67 11 67 67 67 67 31 67 67 67 67 67 67 67 67 67 67 67 42 67 67 34 67 67 67 67 67 67 67 67 67 67 67 67 67 67 67 67 67 67 67 67 67 19 67 67 67 67 67 67 67 67 67 67 67 67 67 4 67 54 67 67 
23 67 67 67 67 67 36 67 67 67 61 16 67 67 67 67 67 67 30 67 67 64 39 12 67 67 67 67 67 67 67 67 67 67 67 67 67 67 67 67 67 67 67 67 67 67 67 67 67 67 67 67 67 67 6 67 67 67 67 67 67 67 67 67 67 67 67 
50 67 62 23 67 67 15 67 67 67 44 67 9 67 67 67 30 19 35 62 33 67 67 67 67 32 67 45 62 67 67 67 67 67 67 67 67 67 32 67 67 67 67 61 67 67 67 67 67 67 67 67 67 67 67 67 67 67 67 67 67 62 67 67 67 67 
15 0 13 15 67 67 67 67 0 62 67 30 32 67 62 67 5 37 13 67 67 67 67 44 67 67 3 67 67 67 67 44 13 62 67 67 67 67 67 67 67 67 26 67 67 67 67 67 67 67 67 67 67 67 67 8 44 67 67 67 67 67 67 67 67 
48 67 67 67 67 54 67 9 67 67 67 65 30 67 67 67 67 42 67 67 67 67 67 23 67 67 33 67 67 67 67 67 67 67 67 67 67 67 67 67 67 67 67 67 67 67 67 67 67 67 67 67 67 67 67 67 67 67 67 67 67 67 67 67 
14 67 18 67 67 41 6 67 21 67 67 67 67 67 67 60 37 67 29 67 67 67 67 67 67 67 67 67 67 67 67 67 67 67 67 67 67 67 33 67 67 67 67 67 67 67 67 67 67 67 67 67 67 67 67 67 67 32 67 67 67 67 67 
1 44 67 67 6 67 67 43 67 67 67 24 40 67 8 67 67 67 67 67 67 67 67 67 67 67 67 51 67 67 67 67 67 67 67 17 67 67 67 60 67 67 67 67 67 67 67 67 67 67 67 67 67 67 67 52 67 67 67 67 67 67 
67 25 27 67 43 67 67 67 67 41 28 48 67 67 67 67 67 67 67 67 67 67 67 67 67 67 67 67 67 67 67 67 67 67 67 67 67 67 44 67 67 67 67 67 52 67 67 67 67 67 59 67 67 67 67 67 67 67 67 67 67 
31 67 67 67 67 67 67 46 67 67 67 67 67 67 67 67 67 67 48 67 67 30 67 67 67 67 67 67 67 67 67 67 10 67 67 67 67 67 67 67 67 67 67 67 67 67 67 67 5 67 67 55 67 67 67 67 67 67 67 67 
12 67 67 67 67 67 67 67 67 36 60 67 67 26 67 28 67 46 67 67 67 67 67 67 67 67 67 67 67 9 67 67 67 67 67 67 67 67 67 67 65 67 67 67 67 67 67 67 67 67 67 67 67 67 67 62 67 67 67 
67 55 35 67 67 67 67 67 67 67 67 67 67 67 67 58 67 67 41 67 67 50 52 67 67 67 67 67 67 67 67 67 56 67 67 67 67 67 67 67 67 67 67 67 67 67 67 67 67 67 67 67 67 67 67 67 67 67 
67 34 25 30 59 67 67 67 23 67 53 19 67 67 67 67 67 67 44 67 67 67 67 56 67 67 67 67 67 67 67 67 67 67 67 67 67 64 67 67 67 67 21 67 67 67 67 67 67 67 67 67 67 67 67 67 67 
67 67 44 67 67 67 67 67 67 67 54 67 67 67 59 39 67 60 67 67 67 67 62 47 67 67 67 67 67 67 67 67 67 67 67 67 67 67 65 67 67 67 67 67 67 67 20 67 67 67 67 67 67 67 67 67 
12 67 67 1 67 67 15 67 67 67 67 7 67 67 67 5 23 67 64 67 67 67 67 67 67 44 67 67 67 67 67 67 67 67 67 67 67 20 67 67 67 67 67 67 67 67 67 67 67 67 67 67 67 67 22 
3 56 67 38 67 9 33 5 67 67 19 67 67 67 67 67 54 2 67 67 67 67 50 67 67 67 67 67 36 67 55 15 67 67 67 67 67 67 67 67 67 67 67 67 67 67 67 67 67 67 67 67 67 67 
67 35 40 20 30 67 67 67 1 67 22 67 38 34 67 67 67 67 53 67 49 67 21 67 67 67 67 67 67 67 67 67 67 67 67 67 67 67 67 67 67 67 67 67 67 67 67 67 67 24 67 67 67 
2 8 47 67 0 67 67 67 20 67 67 67 67 13 67 67 67 67 67 67 67 67 67 64 67 67 67 8 67 60 67 40 67 67 67 67 67 67 67 67 3 67 67 67 67 67 67 67 67 67 67 67 
67 3 23 67 67 67 67 26 67 67 67 67 23 49 67 67 67 67 67 67 67 9 67 67 65 67 67 67 67 67 67 67 67 67 67 67 67 67 67 67 67 50 67 67 67 25 67 67 67 67 67 
15 44 67 67 67 67 67 67 67 22 67 62 67 67 67 26 59 67 67 67 67 67 67 67 67 62 48 67 67 67 67 67 67 67 67 67 67 67 67 67 67 67 55 67 67 67 67 67 67 67 
0 33 67 67 67 67 39 67 57 67 67 67 67 67 67 67 67 67 67 67 67 67 58 67 67 67 67 67 67 4 67 67 67 67 67 67 67 67 67 67 67 67 67 67 67 67 67 67 67 
51 67 33 67 8 67 67 67 67 67 23 67 32 67 67 23 0 67 67 67 67 0 67 20 67 67 67 8 67 67 67 67 67 9 67 62 67 67 67 13 67 67 67 67 67 67 67 67 
67 62 67 67 62 62 67 67 12 67 67 44 13 67 67 60 67 67 67 62 67 9 67 67 31 67 67 67 67 67 67 60 67 67 23 67 62 67 67 67 67 67 67 67 67 29 67 
17 18 67 67 1 67 16 67 67 67 67 67 67 67 67 2 67 67 67 67 67 67 67 67 67 67 67 47 67 67 67 33 7 67 67 67 67 67 67 67 67 67 67 67 67 67 
67 57 25 67 67 27 67 67 67 49 67 67 67 67 18 23 67 67 67 67 0 67 67 45 67 67 67 15 67 67 67 67 67 67 67 67 67 67 67 67 67 67 67 67 67 
52 67 67 48 40 67 60 44 67 67 67 55 67 57 23 67 67 67 50 67 67 67 67 67 53 67 67 67 67 67 67 67 67 67 67 67 67 67 67 67 67 67 67 12 
4 67 67 1 67 67 67 41 67 67 2 67 67 32 67 67 67 67 67 67 67 67 67 67 67 67 67 67 67 67 67 67 67 67 67 67 67 67 67 67 67 67 67 
67 67 62 0 17 14 67 67 67 67 67 67 9 67 67 67 67 44 67 67 67 67 67 33 67 67 67 67 13 67 67 67 67 67 67 67 67 67 67 67 67 67 
67 67 44 28 67 44 3 67 67 65 41 67 15 19 67 67 67 67 67 67 67 67 67 67 60 67 67 67 67 67 67 67 57 67 67 67 67 67 67 67 67 
67 67 5 67 67 1 67 44 67 42 67 67 67 67 67 62 67 67 67 67 67 67 67 67 37 67 67 67 67 67 67 67 67 67 67 67 67 67 67 67 
9 30 46 20 67 67 45 39 67 32 67 67 67 67 67 67 67 67 67 58 57 67 53 67 67 67 67 67 67 67 67 67 67 67 67 67 67 67 67 
67 67 9 30 30 9 67 67 21 67 60 30 0 6 0 67 67 67 62 44 23 9 9 32 0 67 67 67 67 67 30 67 23 67 67 60 9 15 
67 67 67 58 20 67 12 67 67 67 29 67 67 67 33 67 22 67 9 67 67 67 67 67 67 67 67 67 67 67 67 67 67 67 67 67 67 
11 67 55 67 67 67 67 10 67 67 20 30 67 62 65 42 67 58 67 67 67 67 67 67 67 67 67 67 67 67 67 67 67 67 67 67 
67 53 67 67 67 67 28 38 67 3 60 67 60 67 67 67 67 67 67 67 67 67 67 66 67 67 67 67 67 67 67 67 67 67 67 
67 67 12 67 67 0 67 67 33 67 67 67 67 41 67 10 67 16 67 67 67 67 67 67 67 67 57 67 67 54 67 67 67 67 
67 16 67 67 21 67 64 67 32 67 67 67 67 67 67 2 67 67 67 67 67 67 60 67 67 67 67 67 0 67 67 67 67 
67 67 67 67 26 66 67 67 32 67 12 67 67 67 67 67 67 67 67 67 67 67 67 18 67 67 67 67 67 67 67 67 
56 9 67 28 67 67 67 67 67 5 67 67 67 67 67 67 19 67 67 67 67 67 14 67 67 67 67 51 67 59 67 
8 67 67 67 67 67 52 67 63 67 67 67 67 54 38 4 67 67 67 67 67 67 67 67 67 37 67 67 67 67 
67 15 67 67 14 33 67 60 67 13 67 67 67 67 30 67 67 15 67 67 62 8 67 67 67 67 67 67 33 
13 25 65 9 67 67 61 50 67 67 67 67 67 67 67 67 27 67 67 67 67 67 51 56 67 43 67 67 
67 51 30 67 33 56 67 67 67 67 67 7 67 66 67 67 67 67 67 67 67 67 67 67 67 67 9 
67 67 67 0 50 46 39 67 67 67 67 11 67 67 67 67 67 67 67 67 67 67 12 67 6 67 
67 18 67 67 49 67 17 64 67 67 67 67 44 67 67 46 67 67 67 67 67 67 67 67 29 
67 12 30 44 8 67 67 67 67 67 62 33 60 30 67 15 67 67 67 30 8 67 23 67 
13 38 67 24 67 57 26 67 67 67 67 22 62 6 67 39 67 67 67 67 67 67 67 
60 9 15 67 67 0 8 9 67 30 15 67 44 23 67 67 0 23 23 67 67 58 
13 67 67 62 6 51 28 67 67 67 67 67 67 67 67 67 67 67 67 67 67 
67 56 45 67 67 10 67 67 67 67 67 37 67 67 67 67 67 67 67 67 
67 33 63 57 67 0 67 67 67 67 67 3 67 67 67 67 67 13 67 
67 67 67 67 29 67 67 67 7 48 67 67 60 67 67 67 67 67 
67 67 67 22 67 14 67 27 0 67 67 67 67 67 67 67 67 
67 67 4 57 67 67 67 67 67 50 67 67 67 18 38 67 
42 67 47 58 67 67 67 67 21 67 67 67 66 67 17 
46 67 67 13 67 67 67 54 67 67 49 67 67 56 
67 67 67 67 67 67 67 31 67 40 67 67 39 
67 4 62 67 67 67 50 36 67 67 67 67 
67 67 67 65 44 19 63 67 37 67 67 
67 67 67 27 67 67 66 67 64 67 
67 67 67 15 67 67 25 29 67 
67 67 2 67 67 67 67 67 
63 22 47 67 67 67 67 
67 59 67 67 67 47 
67 67 67 67 67 
67 67 58 67 
8 67 11 
40 67 
67 

