100 50
6 35 50 50 50 48 50 50 50 50 50 50 50 5 50 50 30 50 50 14 28 50 50 50 50 50 50 50 50 42 50 50 50 50 50 50 50 50 50 39 50 50 50 50 50 50 50 1 50 50 50 50 50 50 50 50 50 50 50 50 24 50 50 36 50 50 50 50 50 50 50 50 50 34 50 50 50 50 50 50 50 3 50 50 50 50 50 13 50 50 50 47 50 12 50 50 46 50 50 
24 10 50 4 50 50 37 50 50 50 50 50 50 50 50 12 44 50 50 9 50 50 50 50 24 37 50 3 50 50 50 50 50 50 50 50 48 27 50 50 50 50 50 50 50 50 50 50 50 50 50 50 50 50 50 50 50 50 50 24 50 50 50 50 50 50 50 13 50 50 50 50 37 50 50 50 50 50 50 50 50 50 50 50 36 50 50 35 50 20 5 50 7 46 50 50 20 50 
50 50 34 50 50 49 37 20 4 5 16 50 24 50 50 50 24 50 35 50 50 50 47 20 50 3 50 50 50 50 50 50 20 50 50 35 50 50 50 50 50 50 35 50 39 5 5 50 50 50 35 50 50 50 50 50 50 50 50 50 50 50 50 50 50 50 50 50 41 24 16 38 50 50 50 50 50 50 16 50 50 50 33 20 50 50 50 50 30 6 50 50 4 50 50 34 50 
50 50 15 50 20 50 50 50 50 45 50 50 12 49 50 50 39 50 50 50 50 50 50 50 50 50 50 50 50 16 50 50 50 50 50 30 40 50 50 50 50 19 50 50 50 50 50 50 50 50 50 50 50 50 50 50 31 50 50 50 50 50 50 50 50 50 21 50 50 50 35 50 50 50 44 50 50 50 50 50 50 50 27 29 50 50 50 20 50 50 50 50 50 50 50 5 
50 43 50 47 50 26 17 50 41 9 15 50 50 11 50 50 50 50 50 40 50 50 50 50 50 50 50 50 50 50 50 50 50 50 50 50 50 50 50 50 50 50 50 50 50 50 50 50 50 50 50 50 50 50 50 50 34 50 50 50 50 50 50 50 50 50 50 50 50 30 50 13 50 50 50 50 50 28 18 50 2 50 50 50 50 50 50 24 50 6 50 50 50 48 38 
44 50 50 16 13 50 50 50 50 50 36 50 50 50 50 27 50 0 50 50 50 50 50 6 50 50 8 50 15 50 50 50 50 50 50 50 50 50 50 50 50 50 50 14 50 50 50 50 50 50 50 50 46 50 50 50 50 50 50 50 50 50 50 50 50 50 50 50 50 50 50 50 50 50 17 50 50 41 50 35 50 50 50 48 50 50 50 50 50 50 31 50 50 50 
21 50 50 50 50 50 11 50 50 50 50 50 50 50 50 50 50 50 17 50 50 50 50 50 50 50 27 50 50 25 50 50 50 50 50 50 2 50 50 50 50 50 50 50 50 50 50 50 50 50 50 50 50 50 20 50 50 50 50 50 50 50 18 50 50 50 50 50 50 50 50 50 34 50 50 50 50 50 50 50 50 50 1 49 4 4 50 50 36 50 41 50 50 
50 36 50 31 17 50 50 41 50 50 50 50 50 50 50 13 50 50 3 39 50 50 33 50 50 50 50 50 45 50 1 50 50 50 50 50 50 50 50 23 50 50 50 50 50 50 50 50 50 50 50 50 50 5 50 50 50 50 12 50 50 50 50 50 11 50 33 50 50 50 50 50 50 50 50 50 50 50 50 50 50 50 50 50 24 14 50 9 50 50 50 50 
50 50 50 50 35 50 4 47 33 24 50 37 50 50 50 50 16 50 50 28 47 50 50 16 5 16 50 50 50 50 24 34 50 34 50 50 4 50 5 16 50 37 50 50 16 50 50 50 50 50 50 50 39 50 50 50 50 5 33 4 50 50 45 50 16 23 50 50 37 50 50 50 50 4 50 50 50 50 50 50 50 5 22 40 50 50 33 33 50 50 33 
50 50 43 22 50 50 8 50 50 50 50 50 50 50 50 50 41 12 50 50 50 50 50 50 50 31 48 50 50 50 50 50 50 50 50 26 50 14 50 50 50 50 50 50 50 50 50 50 50 50 50 50 50 50 50 50 50 50 50 28 50 37 50 50 50 50 50 50 50 23 50 50 50 50 50 50 50 50 50 38 50 47 50 50 50 50 39 50 47 11 
50 50 50 50 50 9 50 50 50 50 50 50 30 50 50 50 50 50 50 50 50 50 50 50 50 32 50 50 50 50 50 50 50 50 11 50 50 50 50 50 50 37 50 50 50 50 50 50 50 50 50 28 50 50 50 50 3 50 50 50 47 50 34 50 50 50 50 50 50 25 50 8 50 50 50 50 50 50 50 50 5 50 50 50 12 50 16 50 6 
45 48 2 50 50 50 14 38 32 6 50 50 50 50 50 50 24 50 50 50 50 50 50 50 50 50 50 50 50 50 50 4 50 50 50 50 50 50 50 50 50 50 23 50 50 50 50 50 50 20 50 50 11 50 50 50 50 50 50 50 50 50 50 39 50 46 50 50 18 50 50 50 50 50 50 50 50 12 50 50 50 50 50 50 50 50 50 50 
16 50 25 27 50 50 26 8 50 50 39 50 50 50 50 50 50 50 50 50 50 50 50 50 29 50 50 50 50 50 50 50 50 50 50 50 50 50 50 7 50 50 50 50 50 50 50 50 50 50 50 50 50 50 50 50 50 50 50 50 50 50 50 46 50 50 50 50 50 50 10 50 50 50 50 31 50 50 47 50 50 50 50 48 50 30 50 
50 10 50 50 0 50 50 18 2 50 50 50 50 50 47 49 6 7 50 40 50 50 50 50 50 50 50 50 50 50 50 50 50 50 50 50 50 50 50 50 50 50 50 50 50 50 50 50 50 50 50 50 50 50 50 50 50 50 50 50 24 50 50 50 50 50 50 50 50 50 50 50 50 50 50 50 50 34 50 50 50 50 50 50 50 50 
50 26 37 36 50 50 50 50 50 46 11 15 50 5 50 50 50 50 50 50 10 50 50 50 50 50 50 29 50 50 50 50 50 50 20 50 50 8 50 50 50 50 50 50 50 50 50 50 50 50 50 50 50 50 50 50 50 50 50 50 50 50 50 50 50 50 50 23 50 50 50 50 50 1 50 25 50 33 50 50 50 50 50 50 50 
50 22 46 30 50 7 14 50 50 50 50 45 50 50 31 38 50 50 50 50 50 19 50 50 50 50 50 50 50 50 50 50 50 50 50 50 50 50 50 50 50 50 50 50 50 16 50 50 50 50 50 50 50 50 50 20 50 50 50 50 50 50 50 50 50 50 50 50 50 50 11 50 50 50 50 50 50 50 50 50 50 50 50 50 
0 50 50 50 30 48 50 50 50 50 50 20 50 50 50 50 50 50 50 50 50 50 50 50 23 50 50 50 50 50 50 50 50 50 50 50 50 50 50 50 50 50 50 50 50 50 50 50 50 50 50 50 50 16 37 50 50 4 50 50 50 50 50 50 50 50 50 50 49 50 50 50 50 18 47 35 50 50 37 50 50 50 50 
33 42 50 43 50 50 50 50 50 50 47 10 44 50 50 50 50 50 50 50 9 50 50 50 50 50 50 50 50 50 50 50 50 50 50 13 50 50 50 50 25 50 50 50 50 50 50 50 50 50 50 50 50 35 50 50 50 50 50 50 50 50 2 50 50 50 50 50 50 50 50 50 50 50 50 50 50 14 50 50 50 50 
50 23 50 50 17 10 50 50 50 33 50 50 25 50 19 50 50 50 50 50 50 50 50 50 50 29 50 50 50 50 50 50 50 50 50 50 50 50 50 50 50 50 24 50 50 50 50 50 50 50 50 50 37 50 50 4 50 50 48 50 15 50 50 50 50 50 50 50 50 50 50 50 50 50 50 50 50 50 50 50 50 
25 50 50 7 50 31 28 50 50 35 50 50 50 50 50 6 34 50 50 50 50 50 50 50 50 50 50 50 45 50 50 22 50 50 50 50 50 50 50 50 50 37 50 50 50 50 50 50 50 50 50 4 50 50 50 50 50 50 50 50 50 50 50 50 50 50 50 50 50 50 12 34 50 50 50 50 50 50 50 36 
10 50 22 50 50 50 50 47 50 50 50 50 50 50 50 46 50 50 50 50 2 50 50 21 50 50 50 50 50 50 50 50 26 50 50 50 44 50 50 50 50 50 50 50 50 27 50 50 50 50 20 50 50 50 50 50 50 50 50 50 50 50 50 50 19 50 50 50 50 50 50 50 50 50 50 50 50 50 50 
50 50 50 50 21 29 50 50 50 40 50 50 50 50 50 50 50 50 50 50 31 50 50 50 50 37 50 50 50 50 50 50 50 50 50 50 50 50 50 33 50 50 50 50 50 42 50 50 50 5 50 50 50 50 50 50 50 50 50 50 50 50 50 50 50 50 50 50 50 35 5 50 50 50 50 50 50 50 
28 9 50 50 50 35 50 36 50 50 21 50 40 50 50 50 50 19 50 50 50 10 50 50 50 50 50 50 50 50 50 50 50 50 50 50 17 0 33 50 50 50 50 50 50 45 50 50 50 50 50 16 50 50 50 50 50 50 50 50 50 50 50 50 50 50 50 50 50 33 50 50 3 50 50 50 50 
29 50 50 50 37 50 27 50 50 50 50 50 50 50 50 50 50 50 50 50 50 50 50 50 50 50 23 50 50 50 50 50 50 50 50 50 50 16 50 50 50 50 50 50 50 50 50 50 50 50 50 50 50 50 50 50 50 50 50 50 50 50 50 50 40 19 50 33 16 50 43 50 50 50 50 50 
35 19 50 50 50 50 50 23 22 50 50 50 28 50 50 50 50 27 50 50 50 36 50 50 50 50 50 50 50 50 26 50 50 50 50 50 50 18 50 50 50 2 50 50 50 50 50 50 50 39 50 50 50 50 50 50 50 50 50 50 50 50 50 50 50 50 20 34 50 50 50 50 47 50 50 
50 34 50 42 48 21 50 50 50 33 50 6 26 50 50 50 50 50 50 50 50 50 50 7 50 50 50 50 50 50 32 50 50 50 50 47 50 50 50 18 36 50 50 50 50 50 50 50 50 50 50 50 50 50 50 50 50 50 50 50 50 50 50 50 50 50 4 50 50 50 50 50 50 50 
38 4 50 50 1 50 50 50 50 50 50 50 50 50 50 50 50 50 50 45 49 50 50 50 50 50 50 50 50 50 50 50 50 50 47 50 50 50 27 50 50 50 50 50 50 50 50 50 50 50 50 50 50 29 2 50 50 50 50 50 50 50 50 50 50 50 50 26 50 50 50 50 50 
47 15 3 50 50 50 50 27 50 50 50 50 50 50 50 50 50 50 50 50 50 50 50 33 50 50 50 50 50 50 50 50 50 35 50 50 50 50 50 50 50 50 50 50 50 50 50 50 50 50 50 44 50 50 50 50 50 50 50 50 50 50 50 24 5 50 50 50 50 50 50 30 
50 50 50 50 50 24 47 35 20 50 33 50 50 33 24 50 34 50 35 50 50 24 50 50 5 16 20 50 50 50 50 50 32 50 50 50 34 50 50 50 50 20 9 20 47 17 35 37 50 50 50 50 50 50 34 50 5 50 16 35 50 50 14 8 47 33 50 50 50 16 50 
50 16 50 50 50 24 50 39 36 43 50 50 7 50 50 50 17 50 50 50 50 50 50 50 50 50 18 50 48 50 50 50 50 50 50 50 50 50 50 50 50 50 50 50 50 50 50 50 50 50 50 50 50 50 50 50 50 50 50 50 50 50 33 50 50 50 50 50 50 50 
39 19 50 50 50 50 32 25 1 50 50 50 50 50 50 7 50 50 50 50 50 50 50 50 50 50 50 50 50 50 33 50 50 50 15 50 50 50 50 50 50 50 50 4 50 50 50 50 50 50 50 50 50 50 50 50 50 50 50 50 50 50 50 50 50 50 50 50 50 
31 50 50 50 8 50 50 48 13 5 50 50 50 50 50 50 50 42 50 50 50 50 50 50 50 50 50 50 50 50 50 36 50 50 50 50 50 50 50 50 50 50 20 50 50 50 50 50 50 50 50 50 50 50 50 50 50 50 50 50 33 50 50 50 50 50 50 50 
0 28 50 21 50 50 50 47 50 50 50 50 50 50 10 50 50 50 50 50 50 50 50 50 34 50 50 50 37 50 50 50 40 50 50 50 50 50 50 2 50 50 50 50 50 50 50 50 50 50 50 50 50 50 50 22 50 50 24 33 50 50 50 50 50 50 50 
14 12 50 50 50 50 4 50 50 7 50 50 50 50 50 6 50 50 50 50 50 50 50 50 50 50 50 20 50 20 50 50 50 50 50 50 50 4 50 50 50 50 50 50 50 50 50 50 36 50 50 50 50 45 50 50 50 50 50 50 50 50 50 50 50 1 
50 50 24 18 50 50 6 0 50 2 20 50 50 50 50 12 50 50 50 50 50 50 32 50 50 50 50 50 50 50 50 50 49 50 50 50 50 50 50 24 50 50 50 50 50 50 50 50 50 50 25 50 50 50 50 50 37 4 50 50 50 22 13 50 50 
50 18 50 50 50 44 50 32 50 50 50 50 37 50 50 50 50 50 50 50 50 50 41 50 50 50 50 50 50 50 50 50 50 50 50 24 50 50 37 50 50 50 50 50 50 50 50 7 50 50 50 50 50 50 50 50 50 1 50 50 50 9 50 50 
50 50 50 50 50 23 50 50 50 50 50 50 50 28 50 50 50 50 50 50 50 50 50 50 24 17 38 50 50 50 50 13 50 50 16 50 50 5 50 50 50 50 50 50 50 50 50 50 50 50 50 50 50 50 50 50 50 50 50 50 50 50 50 
50 8 12 50 50 50 14 50 50 50 50 31 50 50 50 50 2 50 50 50 50 50 11 50 50 50 50 44 50 50 50 50 50 50 50 50 50 50 1 50 50 50 50 13 50 50 50 50 50 50 50 50 50 50 50 50 50 50 50 50 50 50 
42 8 7 50 50 50 50 50 50 50 50 50 21 50 50 50 50 19 43 50 50 50 50 50 16 50 50 50 50 50 50 50 34 50 50 50 50 50 50 50 50 50 50 40 50 50 50 50 50 50 50 50 50 5 50 50 50 50 50 50 50 
29 50 50 50 50 50 50 39 50 50 15 50 50 50 50 22 50 50 50 50 50 50 4 50 50 50 50 50 50 40 50 50 50 50 50 50 50 50 50 50 50 50 50 50 50 50 13 50 50 50 50 50 50 50 50 50 50 0 50 50 
22 35 50 42 50 50 50 50 50 50 50 16 50 37 50 50 50 50 32 50 35 50 50 50 46 50 50 50 50 50 50 50 50 16 50 50 50 50 50 50 50 50 50 50 50 50 50 50 50 50 50 50 50 50 50 50 50 50 50 
50 38 50 50 35 50 50 50 27 40 50 50 50 25 50 50 50 50 50 33 50 50 50 50 9 0 50 50 50 50 50 41 50 50 50 50 50 50 50 50 50 50 50 50 50 50 50 50 50 24 50 50 50 50 50 50 50 50 
50 17 50 50 48 50 50 50 50 50 32 50 50 50 50 15 50 50 50 50 50 50 50 50 50 50 50 50 50 50 50 50 50 50 50 43 45 50 50 50 50 50 50 50 50 50 50 50 50 4 22 50 50 50 50 50 50 
50 50 9 50 10 50 50 25 31 50 50 50 40 22 50 50 50 35 50 50 50 50 50 8 50 50 50 5 50 46 50 50 50 50 50 50 50 19 50 50 50 50 50 50 50 50 50 50 50 50 50 50 50 50 50 50 
48 50 18 44 50 50 50 50 6 50 50 11 50 50 50 25 5 50 50 50 23 50 50 31 50 50 50 50 50 50 50 50 50 50 50 50 8 50 50 50 50 50 50 50 50 50 50 50 50 50 50 50 50 50 50 
50 50 50 50 50 32 50 50 8 42 50 3 50 50 15 50 40 50 50 50 50 13 50 50 50 50 50 50 50 50 50 50 50 50 50 50 50 50 50 50 50 50 50 50 29 50 5 50 50 50 50 50 50 50 
40 19 50 50 50 50 50 50 18 13 50 50 50 50 33 50 50 50 50 50 10 50 50 50 50 50 50 5 46 50 50 50 50 50 50 50 50 14 50 39 50 50 50 50 24 50 50 50 50 50 50 50 50 
50 50 33 50 21 50 50 50 30 50 50 50 50 50 50 50 50 50 50 50 50 50 50 33 50 50 50 50 50 50 50 50 50 50 50 50 50 50 1 3 50 50 50 50 50 50 50 50 50 50 50 50 
3 50 50 50 50 43 50 50 50 21 50 50 24 50 50 50 50 50 50 50 50 50 34 50 50 50 50 50 50 41 50 50 9 50 50 50 50 50 27 50 50 50 50 50 50 50 50 50 50 49 50 
50 50 25 50 35 50 50 50 17 50 50 37 50 0 50 50 47 50 49 50 50 50 50 50 4 50 50 50 50 50 50 50 50 50 50 50 50 50 50 50 50 50 34 50 50 50 50 50 50 50 
50 41 50 50 50 50 50 50 11 50 50 50 35 48 50 50 50 50 50 50 50 50 50 35 50 50 50 6 50 26 50 50 50 29 50 50 50 50 50 19 50 50 50 50 50 50 50 17 50 
50 50 49 50 50 10 50 34 50 47 3 2 20 50 50 41 50 50 50 50 48 50 50 50 45 50 50 50 50 50 50 50 50 50 50 50 50 37 50 50 50 50 50 50 50 50 50 50 
50 50 27 50 49 50 50 50 20 50 40 50 50 50 11 50 50 50 50 50 50 50 50 50 50 0 50 50 50 22 50 50 50 50 50 50 50 50 50 50 50 38 6 50 50 50 50 
50 50 9 11 50 50 50 37 50 22 50 50 50 50 12 50 50 20 50 50 50 42 50 50 50 50 50 50 50 23 50 50 50 50 50 50 50 50 33 50 50 50 43 50 50 50 
29 50 50 32 50 24 24 50 50 50 50 50 50 50 0 50 29 50 50 47 11 50 10 50 50 50 50 50 21 50 50 50 50 17 50 50 50 50 50 50 50 50 50 50 50 
46 30 23 50 50 50 50 50 50 50 50 50 32 19 50 33 50 50 24 50 28 50 50 50 50 50 50 50 50 50 50 50 50 50 50 50 50 50 50 50 50 50 44 50 
50 50 49 50 50 15 50 25 50 38 50 37 50 50 50 50 50 50 50 50 21 50 50 50 50 50 50 50 8 50 50 50 50 50 50 24 50 50 50 50 50 50 50 
13 41 2 50 50 9 17 50 50 50 50 50 50 50 50 50 50 50 50 12 50 50 50 50 50 50 50 50 50 38 50 50 50 50 50 50 50 50 50 50 50 50 
42 18 34 50 50 50 50 50 50 50 50 43 47 50 50 50 50 50 50 50 50 50 50 50 50 50 50 50 50 50 50 50 50 30 50 3 50 50 50 50 50 
50 50 8 50 26 50 15 50 50 44 13 5 50 50 50 50 29 50 50 50 50 50 50 50 50 50 2 20 50 50 50 50 50 3 50 50 50 50 50 50 
29 50 50 38 12 7 50 50 50 50 20 50 50 37 50 30 16 50 50 50 50 50 50 50 50 50 50 50 36 50 50 50 50 50 50 50 50 50 50 
33 50 35 4 50 50 4 50 34 50 50 20 50 50 37 50 50 20 34 50 24 20 33 50 50 50 50 47 50 21 17 50 35 50 50 34 50 33 
50 50 50 6 50 50 20 50 50 26 50 50 0 50 50 45 5 44 39 50 50 50 50 50 50 50 50 50 50 50 50 50 50 50 50 50 50 
45 25 8 50 50 4 50 50 50 50 50 50 50 31 50 50 50 50 50 50 50 50 50 50 50 50 50 50 24 50 50 50 50 28 50 50 
50 50 50 22 50 50 33 0 50 50 50 50 50 50 50 50 43 50 42 50 50 50 50 50 50 50 50 50 10 50 5 50 50 50 50 
42 50 50 33 50 50 28 11 50 29 3 50 50 50 50 50 50 50 50 50 50 50 50 50 50 50 50 50 50 50 50 50 50 50 
50 50 50 46 50 50 44 50 50 50 50 50 50 50 26 50 50 50 0 50 50 50 50 50 50 50 50 50 50 50 50 50 50 
40 50 50 50 50 50 24 33 2 50 50 36 50 50 50 50 50 39 50 50 50 50 50 50 50 50 50 50 50 50 7 29 
50 3 50 50 50 35 23 50 34 42 50 5 50 47 50 50 50 50 50 50 50 50 50 50 50 50 50 50 50 50 50 
14 34 7 10 50 50 48 50 50 50 50 50 50 50 50 50 50 50 50 50 50 37 50 50 49 50 50 50 50 50 
4 42 28 50 6 50 50 50 50 37 50 38 50 50 50 50 50 47 50 50 50 50 50 50 50 26 50 50 50 
50 4 50 35 16 50 20 50 35 50 50 50 20 50 50 35 24 50 4 37 43 50 35 50 50 5 50 47 
50 16 50 50 15 50 31 50 50 50 46 44 18 50 50 50 50 50 50 50 50 50 50 10 50 50 50 
37 50 50 50 50 0 50 50 50 50 19 50 50 50 50 26 50 50 4 50 50 50 2 14 50 50 
34 50 47 24 50 34 50 50 50 50 50 37 50 50 16 50 1 7 50 34 47 50 20 50 50 
50 32 50 7 50 45 50 50 3 50 38 50 50 50 50 50 50 50 50 50 5 50 50 50 
50 50 49 50 50 50 43 50 50 50 32 50 50 50 50 50 21 50 38 50 50 50 50 
50 26 50 1 50 50 13 50 50 50 50 50 50 50 20 50 50 50 50 17 50 50 
50 9 50 50 39 50 50 50 49 3 50 31 5 47 50 50 50 50 50 27 50 
50 50 50 50 50 50 14 50 50 17 50 50 4 50 50 50 50 50 41 50 
12 14 50 50 50 50 46 50 50 30 50 50 50 15 50 50 50 50 50 
32 50 5 48 50 50 50 50 50 50 24 7 50 50 50 50 50 50 
50 50 50 34 50 11 50 50 5 50 12 50 50 50 50 50 50 
8 50 50 50 45 50 26 50 16 4 50 50 50 50 50 50 
47 9 1 50 50 50 50 50 0 24 50 50 21 50 41 
50 50 23 50 50 4 50 50 50 50 1 50 42 50 
18 41 50 50 50 24 50 50 50 28 50 50 50 
50 43 50 4 50 50 30 50 50 50 50 8 
15 9 50 24 50 50 50 50 50 4 50 
50 5 37 34 27 50 50 50 50 50 
5 34 48 50 42 50 50 6 43 
25 50 50 24 16 34 50 4 
33 34 24 24 4 34 16 
50 50 30 32 50 18 
1 50 50 19 50 
19 50 50 50 
37 50 50 
50 50 
22 

